vehicle.car 0.3338 1094.2095 -0.0437 2.1416 0.2875 -119.2723 4.3470 2.1044 1.6213 -14.5481 14.1574 1.1789 28
vehicle.car -8.8552 1069.4118 0.1098 0.8822 0.3663 -119.8514 4.6495 2.1154 1.5596 -40.3678 -0.9533 2.0251 3
vehicle.car -8.5983 1059.6811 0.0099 0.6911 -0.2483 61.3770 4.9954 2.1385 1.4855 17.7729 34.1619 0.2885 29
vehicle.car 40.0120 1157.3199 0.0894 -0.1137 0.3226 -118.9388 4.9954 2.1385 1.4837 -33.4604 2.4886 1.5957 21
vehicle.car 31.0759 1120.6568 -0.0800 0.8492 1.8011 2.4169 4.9047 2.1309 1.4801 -14.5481 14.1574 1.1786 17
vehicle.truck 15.2720 1121.2865 0.4060 -3.0115 0.7312 60.9000 6.5575 2.5166 2.5104 -14.5478 14.1610 1.1849 27
vehicle.bus.rigid 14.5608 1111.6087 1.0890 1.7234 0.3279 -118.8704 12.0306 2.8726 3.5515 -41.3776 -2.3679 2.1183 31
vehicle.car 22.9297 1116.2609 0.1927 1.4376 0.5064 61.0659 4.7997 2.0992 1.7220 17.2199 33.7086 0.0671 22
vehicle.car 26.3380 1112.9393 -0.0606 -1.0243 -1.3133 -177.5593 4.9145 2.1583 1.5012 -14.5480 14.1575 1.1789 18
vehicle.car 27.7782 1166.5432 0.1795 -0.5627 0.6662 151.1333 4.7997 2.0992 1.7226 -26.1418 32.8702 1.5864 5
