vehicle.car 0.3338 1094.2093 -0.0437 2.1415 0.2871 -119.2722 4.3470 2.1044 1.6213 -14.5508 14.1725 0.8059 28
vehicle.car -7.1943 1072.3210 0.1141 1.0387 0.3998 -119.1522 4.6495 2.1154 1.5596 -40.5543 -1.5794 1.3727 3
vehicle.car 57.9543 1149.7438 0.0089 0.5987 0.1165 151.1376 4.9145 2.1034 1.5079 -14.5508 14.1723 0.8068 4
vehicle.car -10.6211 1055.9595 -0.0060 0.5375 -0.0492 62.0047 4.9954 2.1385 1.4855 17.7663 34.6477 0.1210 29
vehicle.car 41.2109 1159.4949 0.0860 0.1615 -0.0209 -118.9190 4.9954 2.1385 1.4837 -34.0245 2.1645 1.2083 21
vehicle.car 31.0760 1120.6565 -0.0801 0.8492 1.8020 2.4169 4.9047 2.1309 1.4801 -14.5511 14.1725 0.8095 17
vehicle.truck 15.2714 1121.2868 0.4068 -3.0559 0.7558 60.8982 6.5575 2.5166 2.5104 -14.5461 14.1568 0.7910 27
vehicle.bus.rigid 16.2588 1114.6741 1.0841 1.7160 0.3999 -118.8909 12.0306 2.8726 3.5515 -41.4377 -2.3909 1.3533 31
vehicle.car 20.9107 1112.6189 0.1943 1.4663 0.5113 61.0506 4.7997 2.0992 1.7220 17.5206 33.8864 0.0406 22
vehicle.car 26.3381 1112.9390 -0.0607 -1.0243 -1.3130 -177.5593 4.9145 2.1583 1.5012 -14.5507 14.1723 0.8067 18
