vehicle.car 0.3339 1094.2097 -0.0437 2.1416 0.2877 -119.2723 4.3470 2.1044 1.6213 -14.5434 14.1821 1.0294 28
vehicle.car -8.0228 1070.8578 0.1122 0.9670 0.3816 -119.4521 4.6495 2.1154 1.5596 -40.4237 -1.2796 1.7758 3
vehicle.car 57.9543 1149.7443 0.0089 0.5987 0.1161 151.1376 4.9145 2.1034 1.5079 -14.5434 14.1822 1.0294 4
vehicle.car -9.6130 1057.8269 -0.0006 0.5831 -0.0641 61.6827 4.9954 2.1385 1.4855 17.7688 34.4212 0.1720 29
vehicle.car 40.6070 1158.3976 0.0929 -0.0512 0.3430 -118.9209 4.9954 2.1385 1.4837 -33.4093 2.5241 1.7547 21
vehicle.car 31.0760 1120.6570 -0.0800 0.8492 1.8003 2.4169 4.9047 2.1309 1.4801 -14.5433 14.1821 1.0291 17
vehicle.truck 15.2727 1121.2862 0.4056 -2.9730 0.7176 60.9011 6.5575 2.5166 2.5104 -14.5449 14.1824 1.0264 27
vehicle.bus.rigid 15.4095 1113.1408 1.0859 1.7149 0.3855 -118.8741 12.0306 2.8726 3.5515 -41.3987 -2.3553 1.9396 31
vehicle.car 21.9226 1114.4444 0.1935 1.4488 0.5159 61.0614 4.7997 2.0992 1.7220 17.3722 33.8054 0.0519 22
vehicle.car 26.3381 1112.9395 -0.0606 -1.0243 -1.3135 -177.5593 4.9145 2.1583 1.5012 -14.5434 14.1822 1.0295 18
vehicle.car 28.8572 1165.9493 0.1832 -0.5933 0.6822 151.0861 4.7997 2.0992 1.7226 -26.2993 33.1788 1.3885 5
