vehicle.car 0.3339 1094.2091 -0.0437 2.1416 0.2875 -119.2723 4.3470 2.1044 1.6213 -14.5468 14.1256 1.1857 28
vehicle.car -9.2746 1068.6954 0.1090 0.8610 0.3770 -120.1105 4.6495 2.1154 1.5596 -40.3485 -0.7975 2.0548 3
vehicle.car -8.0880 1060.6038 0.0156 0.7318 -0.3548 61.2095 4.9954 2.1385 1.4855 17.7830 34.0210 0.2815 29
vehicle.car 39.7106 1156.7791 0.0858 0.1109 0.1917 -118.9341 4.9954 2.1385 1.4837 -33.5670 2.4407 1.8440 21
vehicle.car 31.0760 1120.6563 -0.0800 0.8492 1.8011 2.4169 4.9047 2.1309 1.4801 -14.5468 14.1257 1.1860 17
vehicle.truck 15.2721 1121.2860 0.4062 -3.0127 0.7345 60.8998 6.5575 2.5166 2.5104 -14.5461 14.1246 1.1868 27
vehicle.bus.rigid 14.1365 1110.8426 1.0889 1.7259 0.3388 -118.8704 12.0306 2.8726 3.5515 -41.3622 -2.4032 2.0883 31
vehicle.car 23.4323 1117.1660 0.1920 1.4613 0.5206 61.0681 4.7997 2.0992 1.7220 17.1513 33.6481 0.0545 22
vehicle.car 26.3381 1112.9388 -0.0606 -1.0244 -1.3134 -177.5593 4.9145 2.1583 1.5012 -14.5468 14.1257 1.1857 18
vehicle.car 27.2444 1166.8364 0.1778 -0.5427 0.6657 151.1507 4.7997 2.0992 1.7226 -26.0754 32.7091 1.5694 5
