vehicle.car 0.3338 1094.2091 -0.0437 2.1416 0.2877 -119.2723 4.3470 2.1044 1.6213 -14.5395 14.1769 1.1381 28
vehicle.car -8.4381 1070.1321 0.1110 0.9162 0.3588 -119.6370 4.6495 2.1154 1.5596 -40.3785 -1.1223 1.9545 3
vehicle.car 57.9543 1149.7437 0.0089 0.5987 0.1162 151.1376 4.9145 2.1034 1.5079 -14.5396 14.1768 1.1378 4
vehicle.car -9.1067 1058.7548 0.0043 0.6250 -0.1595 61.5325 4.9954 2.1385 1.4855 17.7749 34.3004 0.2825 29
vehicle.car 40.3100 1157.8596 0.0948 -0.0635 0.3385 -118.9297 4.9954 2.1385 1.4837 -33.4169 2.5296 1.7289 21
vehicle.car 31.0760 1120.6564 -0.0800 0.8492 1.8008 2.4169 4.9047 2.1309 1.4801 -14.5395 14.1768 1.1370 17
vehicle.truck 15.2723 1121.2858 0.4057 -2.9926 0.7220 60.9007 6.5575 2.5166 2.5104 -14.5408 14.1835 1.1440 27
vehicle.bus.rigid 14.9851 1112.3744 1.0880 1.7227 0.3446 -118.8712 12.0306 2.8726 3.5515 -41.3814 -2.3522 2.1106 31
vehicle.car 22.4267 1115.3530 0.1930 1.4447 0.5065 61.0640 4.7997 2.0992 1.7220 17.2997 33.7620 0.0670 22
vehicle.car 26.3381 1112.9389 -0.0606 -1.0243 -1.3133 -177.5593 4.9145 2.1583 1.5012 -14.5396 14.1768 1.1378 18
vehicle.car 28.3158 1166.2470 0.1813 -0.5694 0.6738 151.1137 4.7997 2.0992 1.7226 -26.2100 33.0270 1.5401 5
