vehicle.car 0.3339 1094.2094 -0.0437 2.1415 0.2873 -119.2723 4.3470 2.1044 1.6213 -14.5475 14.1788 0.9069 28
vehicle.car -7.6083 1071.5872 0.1132 1.0071 0.4051 -119.2914 4.6495 2.1154 1.5596 -40.4910 -1.4207 1.5655 3
vehicle.car 57.9543 1149.7439 0.0089 0.5987 0.1160 151.1376 4.9145 2.1034 1.5079 -14.5474 14.1788 0.9078 4
vehicle.car -10.1179 1056.8946 -0.0036 0.5562 -0.0631 61.8373 4.9954 2.1385 1.4855 17.7695 34.5298 0.1541 29
vehicle.car 40.9064 1158.9417 0.0880 0.0432 0.2020 -118.9167 4.9954 2.1385 1.4837 -33.6960 2.3459 1.5129 21
vehicle.car 31.0760 1120.6567 -0.0800 0.8492 1.8005 2.4169 4.9047 2.1309 1.4801 -14.5476 14.1789 0.9093 17
vehicle.truck 15.2724 1121.2862 0.4060 -2.9914 0.7307 60.9003 6.5575 2.5166 2.5104 -14.5455 14.1631 0.8919 27
vehicle.bus.rigid 15.8338 1113.9063 1.0841 1.7157 0.4200 -118.8800 12.0306 2.8726 3.5515 -41.4196 -2.3677 1.6593 31
vehicle.car 21.4172 1113.5328 0.1940 1.4482 0.5229 61.0563 4.7997 2.0992 1.7220 17.4442 33.8470 0.0461 22
vehicle.car 26.3381 1112.9391 -0.0606 -1.0243 -1.3135 -177.5593 4.9145 2.1583 1.5012 -14.5474 14.1788 0.9078 18
