vehicle.car 0.3338 1094.2092 -0.0437 2.1415 0.2877 -119.2721 4.3470 2.1044 1.6213 -14.5541 14.1596 0.7695 28
vehicle.car -6.7807 1073.0592 0.1155 1.0799 0.3814 -119.0395 4.6495 2.1154 1.5596 -40.6217 -1.7418 1.2922 3
vehicle.car 57.9543 1149.7438 0.0089 0.5987 0.1169 151.1376 4.9145 2.1034 1.5079 -14.5545 14.1596 0.7667 4
vehicle.car -11.1224 1055.0216 -0.0080 0.5188 -0.0009 62.1832 4.9954 2.1385 1.4855 17.7618 34.7775 0.1324 29
vehicle.car 41.5212 1160.0559 0.0878 0.1697 -0.1460 -118.9268 4.9954 2.1385 1.4837 -34.3510 1.9539 1.1864 21
vehicle.car 31.0760 1120.6565 -0.0802 0.8492 1.8037 2.4169 4.9047 2.1309 1.4801 -14.5542 14.1594 0.7677 17
vehicle.truck 15.2707 1121.2870 0.4069 -3.0984 0.7609 60.8979 6.5575 2.5166 2.5104 -14.5543 14.1750 0.7778 27
vehicle.bus.rigid 16.6845 1115.4433 1.0866 1.7237 0.3192 -118.9061 12.0306 2.8726 3.5515 -41.4563 -2.4156 1.1958 31
vehicle.car 20.4027 1111.7030 0.1946 1.4820 0.4923 61.0448 4.7997 2.0992 1.7220 17.5970 33.9243 0.0418 22
vehicle.car 26.3381 1112.9390 -0.0607 -1.0243 -1.3127 -177.5593 4.9145 2.1583 1.5012 -14.5546 14.1596 0.7667 18
