vehicle.car 0.3338 1094.2095 -0.0437 2.1416 0.2876 -119.2723 4.3470 2.1044 1.6213 -5.9680 10.9778 0.0403 28
vehicle.car 57.9542 1149.7441 0.0089 0.5987 0.1161 151.1376 4.9145 2.1034 1.5079 -5.9680 10.9778 0.0403 4
vehicle.car 78.2210 1135.8521 0.0315 -0.2990 0.0738 -13.3364 4.9954 2.1385 1.4855 3.8171 -1.7314 0.3149 29
vehicle.truck 37.8858 1153.4859 1.0337 0.1788 0.9128 -118.8787 8.8288 3.1457 3.5018 -5.9677 10.9786 0.0408 25
vehicle.car 22.3121 1125.5121 0.0818 1.5894 0.0902 -118.9734 4.9954 2.1385 1.4837 -5.9680 10.9779 0.0403 21
vehicle.car 31.0759 1120.6568 -0.0800 0.8492 1.8009 2.4169 4.9047 2.1309 1.4801 -5.9680 10.9778 0.0403 17
vehicle.car 127.3428 1213.7309 0.8273 0.4114 0.2275 -85.8512 6.1926 2.4695 2.8623 -5.9680 10.9778 0.0403 11
vehicle.truck 15.2721 1121.2863 0.4060 -3.0034 0.7297 60.9002 6.5575 2.5166 2.5104 -5.9680 10.9778 0.0403 27
vehicle.car 30.4839 1161.0578 0.1846 -0.6663 0.4404 -28.9566 4.7997 2.0992 1.7192 -5.9680 10.9778 0.0403 19
vehicle.car 32.1029 1143.0950 0.8185 1.1199 0.3775 -119.0503 6.1926 2.4695 2.8623 -5.9680 10.9778 0.0403 7
vehicle.car 14.9613 1169.6247 0.1202 -0.7338 1.0400 -29.7350 4.6350 2.1608 1.6715 -5.9680 10.9778 0.0403 13
vehicle.truck 85.7786 1241.1051 0.5174 0.7339 0.9718 -114.5644 6.5575 2.5166 2.5270 -18.7535 6.1073 0.1724 23
vehicle.car 66.5309 1144.9967 0.0793 0.4295 0.9151 151.0418 4.6350 2.1608 1.6713 -5.9680 10.9779 0.0403 16
vehicle.bus.rigid 77.9060 1225.6567 1.0973 1.0290 0.4750 -118.6168 12.0306 2.8726 3.5489 -10.8517 9.5388 0.0452 20
vehicle.car 55.9625 1186.0810 0.1622 0.1472 0.4860 -118.9663 4.7000 2.2032 1.7322 -28.5123 4.3340 0.4538 24
vehicle.car 118.7122 1194.5502 0.0974 1.3926 0.2671 -119.0035 4.6495 2.1154 1.5585 -5.9680 10.9779 0.0403 12
vehicle.truck 84.9345 1227.9590 1.0198 0.2621 0.9932 60.9993 8.8288 3.1457 3.4955 -5.9680 10.9779 0.0403 30
vehicle.car 27.0114 1133.9670 0.1428 1.5559 0.9838 -118.8749 4.6350 2.1608 1.6762 -5.9680 10.9779 0.0403 26
vehicle.car 54.9712 1174.0053 0.1917 1.2349 0.4349 61.1692 4.7997 2.0992 1.7220 -5.9680 10.9779 0.0403 22
vehicle.bus.rigid 45.9765 1209.7308 1.0650 0.2826 0.2544 -29.0708 12.0306 2.8726 3.5495 -5.9680 10.9779 0.0403 9
vehicle.car 26.3380 1112.9392 -0.0606 -1.0243 -1.3134 -177.5593 4.9145 2.1583 1.5012 -5.9680 10.9778 0.0403 18
vehicle.car 44.5304 1165.4986 0.0713 0.5673 0.8258 -119.0250 4.9145 2.1034 1.5006 -17.8818 7.4707 0.0538 14
vehicle.car 78.9247 1217.1261 0.1196 0.4488 0.3464 60.9309 4.3470 2.0651 1.5943 -5.9680 10.9779 0.0403 10
vehicle.truck 123.7071 1203.5700 0.5847 1.5503 0.7343 -117.9518 6.5575 2.5166 2.5069 -5.9680 10.9779 0.0403 6
vehicle.car 57.3000 1178.2144 0.0465 1.2228 0.3871 61.1456 4.8306 2.0307 1.4361 -5.9680 10.9779 0.0403 2
vehicle.car 22.8707 1165.2620 0.0177 -0.5880 0.3521 -28.8020 4.8306 2.0307 1.4369 -5.9680 10.9778 0.0403 15
vehicle.car 34.9888 1215.8492 0.0490 0.3274 -0.1852 -27.3212 4.9954 2.1385 1.4884 -5.9680 10.9779 0.0403 8
