vehicle.car 0.3338 1094.2091 -0.0437 2.1416 0.2876 -119.2723 4.3470 2.1044 1.6213 -5.1483 11.6253 0.0524 28
vehicle.car 57.9543 1149.7436 0.0089 0.5987 0.1161 151.1376 4.9145 2.1034 1.5079 -5.1483 11.6253 0.0523 4
vehicle.car 77.3352 1136.0167 0.0307 -0.4137 0.0787 -16.3441 4.9954 2.1385 1.4855 3.2995 -2.5055 0.3194 29
vehicle.truck 37.8863 1153.4857 1.0348 0.1741 0.8967 -118.8788 8.8288 3.1457 3.5018 -5.1562 11.6222 0.0101 25
vehicle.car 22.3122 1125.5117 0.0818 1.5894 0.0902 -118.9734 4.9954 2.1385 1.4837 -5.1483 11.6253 0.0524 21
vehicle.car 31.0760 1120.6563 -0.0800 0.8492 1.8009 2.4169 4.9047 2.1309 1.4801 -5.1483 11.6253 0.0524 17
vehicle.car 127.3428 1213.7304 0.8273 0.4114 0.2275 -85.8512 6.1926 2.4695 2.8623 -5.1483 11.6253 0.0524 11
vehicle.truck 15.2722 1121.2859 0.4060 -3.0034 0.7297 60.9002 6.5575 2.5166 2.5104 -5.1483 11.6252 0.0523 27
vehicle.car 30.4840 1161.0573 0.1846 -0.6663 0.4404 -28.9566 4.7997 2.0992 1.7192 -5.1484 11.6252 0.0524 19
vehicle.car 32.1030 1143.0946 0.8185 1.1199 0.3775 -119.0504 6.1926 2.4695 2.8623 -5.1483 11.6252 0.0523 7
vehicle.car 14.9614 1169.6242 0.1202 -0.7338 1.0400 -29.7350 4.6350 2.1608 1.6715 -5.1483 11.6253 0.0524 13
vehicle.car 66.5310 1144.9963 0.0793 0.4295 0.9151 151.0418 4.6350 2.1608 1.6713 -5.1483 11.6253 0.0524 16
vehicle.bus.rigid 78.0529 1225.9232 1.0972 1.0746 0.4192 -118.5867 12.0306 2.8726 3.5489 -10.7995 10.2822 0.0906 20
vehicle.car 56.6004 1187.2360 0.1625 0.1986 0.5497 -118.9760 4.7000 2.2032 1.7322 -28.4445 6.0077 0.0048 24
vehicle.car 118.7122 1194.5498 0.0974 1.3926 0.2671 -119.0034 4.6495 2.1154 1.5585 -5.1483 11.6253 0.0524 12
vehicle.truck 84.9346 1227.9586 1.0198 0.2621 0.9932 60.9993 8.8288 3.1457 3.4955 -5.1483 11.6253 0.0523 30
vehicle.car 27.0115 1133.9665 0.1428 1.5559 0.9838 -118.8749 4.6350 2.1608 1.6762 -5.1483 11.6253 0.0524 26
vehicle.car 54.9713 1174.0048 0.1917 1.2349 0.4349 61.1692 4.7997 2.0992 1.7220 -5.1483 11.6252 0.0524 22
vehicle.bus.rigid 45.9766 1209.7303 1.0650 0.2826 0.2544 -29.0708 12.0306 2.8726 3.5495 -5.1483 11.6253 0.0524 9
vehicle.car 26.3381 1112.9388 -0.0606 -1.0243 -1.3134 -177.5593 4.9145 2.1583 1.5012 -5.1483 11.6253 0.0523 18
vehicle.car 44.8826 1166.1307 0.0734 0.4957 0.7392 -119.0540 4.9145 2.1034 1.5006 -18.4693 8.4581 0.1182 14
vehicle.car 78.9248 1217.1257 0.1196 0.4488 0.3464 60.9309 4.3470 2.0651 1.5943 -5.1483 11.6252 0.0523 10
vehicle.truck 123.7072 1203.5695 0.5847 1.5503 0.7343 -117.9518 6.5575 2.5166 2.5069 -5.1483 11.6253 0.0524 6
vehicle.car 57.3001 1178.2139 0.0465 1.2228 0.3870 61.1456 4.8306 2.0307 1.4361 -5.1483 11.6252 0.0523 2
