vehicle.car 0.3338 1094.2093 -0.0437 2.1416 0.2876 -119.2723 4.3470 2.1044 1.6213 -5.6090 11.2807 0.0522 28
vehicle.car 57.9543 1149.7438 0.0089 0.5987 0.1161 151.1376 4.9145 2.1034 1.5079 -5.6090 11.2807 0.0522 4
vehicle.car 77.7797 1135.9270 0.0311 -0.3462 0.0743 -14.8701 4.9954 2.1385 1.4855 3.5335 -2.1584 0.3267 29
vehicle.truck 37.8860 1153.4857 1.0339 0.1764 0.9115 -118.8787 8.8288 3.1457 3.5018 -5.6125 11.2803 0.0270 25
vehicle.car 22.3122 1125.5119 0.0818 1.5894 0.0902 -118.9735 4.9954 2.1385 1.4837 -5.6090 11.2807 0.0522 21
vehicle.car 31.0760 1120.6566 -0.0800 0.8492 1.8009 2.4169 4.9047 2.1309 1.4801 -5.6090 11.2807 0.0522 17
vehicle.car 127.3428 1213.7307 0.8273 0.4114 0.2275 -85.8512 6.1926 2.4695 2.8623 -5.6090 11.2807 0.0522 11
vehicle.truck 15.2722 1121.2861 0.4060 -3.0034 0.7297 60.9001 6.5575 2.5166 2.5104 -5.6090 11.2807 0.0522 27
vehicle.car 30.4840 1161.0576 0.1846 -0.6663 0.4404 -28.9566 4.7997 2.0992 1.7192 -5.6090 11.2807 0.0522 19
vehicle.car 32.1030 1143.0948 0.8185 1.1199 0.3775 -119.0504 6.1926 2.4695 2.8623 -5.6090 11.2807 0.0522 7
vehicle.car 14.9613 1169.6245 0.1202 -0.7338 1.0400 -29.7350 4.6350 2.1608 1.6715 -5.6090 11.2807 0.0522 13
vehicle.truck 85.9400 1241.4533 0.5175 0.6583 1.0112 -114.5705 6.5575 2.5166 2.5270 -18.8692 6.6669 0.1543 23
vehicle.car 66.5309 1144.9965 0.0793 0.4295 0.9151 151.0418 4.6350 2.1608 1.6713 -5.6090 11.2807 0.0522 16
vehicle.bus.rigid 77.9772 1225.7851 1.0973 1.0430 0.4435 -118.6035 12.0306 2.8726 3.5489 -10.9560 9.8582 0.0794 20
vehicle.car 56.2811 1186.6546 0.1598 0.0519 0.5352 -118.9769 4.7000 2.2032 1.7322 -28.5970 5.1096 0.1879 24
vehicle.car 118.7122 1194.5500 0.0974 1.3926 0.2671 -119.0035 4.6495 2.1154 1.5585 -5.6090 11.2807 0.0522 12
vehicle.truck 84.9346 1227.9588 1.0198 0.2621 0.9932 60.9994 8.8288 3.1457 3.4955 -5.6090 11.2807 0.0522 30
vehicle.car 27.0115 1133.9668 0.1428 1.5559 0.9838 -118.8749 4.6350 2.1608 1.6762 -5.6090 11.2807 0.0522 26
vehicle.car 54.9713 1174.0051 0.1917 1.2349 0.4349 61.1692 4.7997 2.0992 1.7220 -5.6090 11.2807 0.0522 22
vehicle.bus.rigid 45.9766 1209.7306 1.0650 0.2826 0.2544 -29.0708 12.0306 2.8726 3.5495 -5.6090 11.2807 0.0522 9
vehicle.car 26.3381 1112.9390 -0.0606 -1.0243 -1.3134 -177.5593 4.9145 2.1583 1.5012 -5.6090 11.2807 0.0522 18
vehicle.car 44.7026 1165.8067 0.0726 0.4976 0.7644 -119.0401 4.9145 2.1034 1.5006 -18.2227 7.9328 0.1022 14
vehicle.car 78.9248 1217.1259 0.1196 0.4489 0.3464 60.9309 4.3470 2.0651 1.5943 -5.6090 11.2807 0.0522 10
vehicle.truck 123.7072 1203.5698 0.5847 1.5503 0.7343 -117.9518 6.5575 2.5166 2.5069 -5.6090 11.2807 0.0522 6
vehicle.car 57.3000 1178.2142 0.0465 1.2228 0.3871 61.1456 4.8306 2.0307 1.4361 -5.6090 11.2807 0.0522 2
vehicle.car 22.8707 1165.2618 0.0177 -0.5880 0.3521 -28.8020 4.8306 2.0307 1.4369 -5.6090 11.2807 0.0522 15
