vehicle.car 0.3339 1094.2091 -0.0437 2.1416 0.2876 -119.2723 4.3470 2.1044 1.6213 -3.5492 13.0229 0.0832 28
vehicle.car 57.9543 1149.7436 0.0089 0.5987 0.1161 151.1376 4.9145 2.1034 1.5079 -3.5492 13.0229 0.0832 4
vehicle.car 75.5311 1136.5141 0.0309 -0.5204 0.0537 -21.5738 4.9954 2.1385 1.4855 1.9963 -3.3269 0.2800 29
vehicle.truck 37.8856 1153.4836 1.0328 0.1724 0.9433 -118.8788 8.8288 3.1457 3.5018 -3.5018 13.0582 0.1190 25
vehicle.car 22.3122 1125.5117 0.0818 1.5894 0.0902 -118.9734 4.9954 2.1385 1.4837 -3.5493 13.0230 0.0832 21
vehicle.car 31.0760 1120.6563 -0.0800 0.8492 1.8009 2.4169 4.9047 2.1309 1.4801 -3.5492 13.0229 0.0832 17
vehicle.car 127.3428 1213.7304 0.8273 0.4114 0.2275 -85.8512 6.1926 2.4695 2.8623 -3.5493 13.0229 0.0832 11
vehicle.truck 15.2722 1121.2859 0.4060 -3.0034 0.7297 60.9001 6.5575 2.5166 2.5104 -3.5493 13.0230 0.0832 27
vehicle.car 30.4840 1161.0573 0.1846 -0.6663 0.4404 -28.9566 4.7997 2.0992 1.7192 -3.5492 13.0229 0.0832 19
vehicle.car 32.1030 1143.0946 0.8185 1.1199 0.3775 -119.0503 6.1926 2.4695 2.8623 -3.5493 13.0229 0.0832 7
vehicle.car 66.5310 1144.9963 0.0793 0.4295 0.9151 151.0418 4.6350 2.1608 1.6713 -3.5493 13.0229 0.0832 16
vehicle.bus.rigid 78.3730 1226.4989 1.0978 1.0533 0.3638 -118.5096 12.0306 2.8726 3.5489 -9.4584 12.2207 0.1370 20
vehicle.car 57.8940 1189.5837 0.1684 0.6472 0.5278 -118.9673 4.7000 2.2032 1.7322 -27.5864 9.7047 -0.0788 24
vehicle.car 118.7122 1194.5498 0.0974 1.3927 0.2671 -119.0035 4.6495 2.1154 1.5585 -3.5492 13.0229 0.0832 12
vehicle.truck 84.9346 1227.9586 1.0198 0.2621 0.9932 60.9994 8.8288 3.1457 3.4955 -3.5493 13.0229 0.0832 30
vehicle.car 27.0115 1133.9665 0.1428 1.5559 0.9838 -118.8749 4.6350 2.1608 1.6762 -3.5492 13.0229 0.0832 26
vehicle.car 54.9713 1174.0048 0.1917 1.2349 0.4349 61.1692 4.7997 2.0992 1.7220 -3.5493 13.0229 0.0832 22
vehicle.bus.rigid 45.9766 1209.7303 1.0650 0.2826 0.2544 -29.0708 12.0306 2.8726 3.5495 -3.5493 13.0229 0.0832 9
vehicle.car 26.3381 1112.9388 -0.0606 -1.0243 -1.3134 -177.5593 4.9145 2.1583 1.5012 -3.5493 13.0229 0.0832 18
vehicle.car 45.6939 1167.5865 0.0801 0.3472 0.3995 -119.0809 4.9145 2.1034 1.5006 -19.7165 10.6702 -0.1785 14
vehicle.car 78.9248 1217.1257 0.1196 0.4488 0.3464 60.9308 4.3470 2.0651 1.5943 -3.5493 13.0230 0.0832 10
vehicle.truck 123.7072 1203.5695 0.5847 1.5503 0.7343 -117.9518 6.5575 2.5166 2.5069 -3.5493 13.0229 0.0832 6
vehicle.car 57.3001 1178.2139 0.0465 1.2228 0.3871 61.1456 4.8306 2.0307 1.4361 -3.5493 13.0230 0.0832 2
vehicle.car 22.8708 1165.2616 0.0177 -0.5880 0.3521 -28.8020 4.8306 2.0307 1.4369 -3.5492 13.0229 0.0832 15
vehicle.car 34.9889 1215.8487 0.0490 0.3274 -0.1852 -27.3212 4.9954 2.1385 1.4884 -3.5492 13.0229 0.0832 8
