vehicle.car 0.3338 1094.2095 -0.0437 2.1416 0.2876 -119.2723 4.3470 2.1044 1.6213 -4.7875 11.9172 0.0580 28
vehicle.car 57.9543 1149.7440 0.0089 0.5987 0.1161 151.1376 4.9145 2.1034 1.5079 -4.7875 11.9172 0.0579 4
vehicle.car 76.8875 1136.1212 0.0303 -0.4562 0.0596 -17.7480 4.9954 2.1385 1.4855 2.9766 -2.8344 0.3501 29
vehicle.truck 37.8865 1153.4866 1.0357 0.1786 0.8673 -118.8788 8.8288 3.1457 3.5018 -4.7968 11.9107 0.0346 25
vehicle.car 22.3121 1125.5121 0.0818 1.5894 0.0902 -118.9734 4.9954 2.1385 1.4837 -4.7875 11.9172 0.0579 21
vehicle.car 31.0760 1120.6568 -0.0800 0.8492 1.8009 2.4169 4.9047 2.1309 1.4801 -4.7875 11.9172 0.0579 17
vehicle.car 127.3428 1213.7308 0.8273 0.4114 0.2275 -85.8512 6.1926 2.4695 2.8623 -4.7875 11.9172 0.0579 11
vehicle.truck 15.2722 1121.2863 0.4060 -3.0034 0.7297 60.9002 6.5575 2.5166 2.5104 -4.7875 11.9172 0.0579 27
vehicle.car 30.4840 1161.0577 0.1846 -0.6663 0.4404 -28.9566 4.7997 2.0992 1.7192 -4.7875 11.9172 0.0580 19
vehicle.car 32.1030 1143.0950 0.8185 1.1199 0.3775 -119.0504 6.1926 2.4695 2.8623 -4.7875 11.9172 0.0580 7
vehicle.car 14.9613 1169.6247 0.1202 -0.7338 1.0400 -29.7350 4.6350 2.1608 1.6715 -4.7875 11.9172 0.0579 13
vehicle.car 66.5309 1144.9967 0.0793 0.4295 0.9151 151.0418 4.6350 2.1608 1.6713 -4.7875 11.9172 0.0579 16
vehicle.bus.rigid 78.1314 1226.0668 1.0972 1.1024 0.4039 -118.5686 12.0306 2.8726 3.5489 -10.5624 10.6967 0.1034 20
vehicle.car 56.9201 1187.8178 0.1720 0.3075 0.9823 -118.9697 4.7000 2.2032 1.7322 -28.2690 6.8692 0.2943 24
vehicle.car 118.7122 1194.5502 0.0974 1.3926 0.2671 -119.0035 4.6495 2.1154 1.5585 -4.7875 11.9172 0.0579 12
vehicle.truck 84.9346 1227.9590 1.0198 0.2621 0.9932 60.9993 8.8288 3.1457 3.4955 -4.7875 11.9172 0.0579 30
vehicle.car 27.0115 1133.9669 0.1428 1.5559 0.9838 -118.8749 4.6350 2.1608 1.6762 -4.7875 11.9172 0.0579 26
vehicle.car 54.9713 1174.0053 0.1917 1.2349 0.4349 61.1692 4.7997 2.0992 1.7220 -4.7875 11.9172 0.0579 22
vehicle.bus.rigid 45.9766 1209.7307 1.0650 0.2826 0.2544 -29.0708 12.0306 2.8726 3.5495 -4.7875 11.9172 0.0579 9
vehicle.car 26.3381 1112.9392 -0.0606 -1.0243 -1.3134 -177.5593 4.9145 2.1583 1.5012 -4.7875 11.9172 0.0580 18
vehicle.car 45.0723 1166.4708 0.0745 0.4442 0.6760 -119.0676 4.9145 2.1034 1.5006 -18.8375 8.9658 0.1744 14
vehicle.car 78.9248 1217.1261 0.1196 0.4489 0.3464 60.9308 4.3470 2.0651 1.5943 -4.7875 11.9172 0.0579 10
vehicle.truck 123.7072 1203.5699 0.5847 1.5503 0.7343 -117.9518 6.5575 2.5166 2.5069 -4.7875 11.9172 0.0579 6
vehicle.car 57.3000 1178.2144 0.0465 1.2228 0.3871 61.1456 4.8306 2.0307 1.4361 -4.7875 11.9172 0.0579 2
