vehicle.car 0.3338 1094.2093 -0.0437 2.1416 0.2876 -119.2723 4.3470 2.1044 1.6213 -4.3878 12.2410 0.0751 28
vehicle.car 57.9543 1149.7439 0.0089 0.5987 0.1161 151.1376 4.9145 2.1034 1.5079 -4.3878 12.2410 0.0751 4
vehicle.car 76.4373 1136.2386 0.0296 -0.4652 0.0455 -19.0827 4.9954 2.1385 1.4855 2.6917 -3.0813 0.3400 29
vehicle.truck 37.8865 1153.4872 1.0355 0.1947 0.8370 -118.8786 8.8288 3.1457 3.5018 -4.3891 12.2358 0.1076 25
vehicle.car 22.3122 1125.5120 0.0818 1.5894 0.0902 -118.9734 4.9954 2.1385 1.4837 -4.3878 12.2410 0.0751 21
vehicle.car 31.0760 1120.6566 -0.0800 0.8492 1.8009 2.4169 4.9047 2.1309 1.4801 -4.3878 12.2410 0.0751 17
vehicle.car 127.3428 1213.7307 0.8273 0.4114 0.2275 -85.8512 6.1926 2.4695 2.8623 -4.3878 12.2410 0.0751 11
vehicle.truck 15.2722 1121.2861 0.4060 -3.0034 0.7297 60.9002 6.5575 2.5166 2.5104 -4.3878 12.2410 0.0751 27
vehicle.car 30.4840 1161.0576 0.1846 -0.6663 0.4404 -28.9566 4.7997 2.0992 1.7192 -4.3878 12.2410 0.0751 19
vehicle.car 32.1030 1143.0948 0.8185 1.1199 0.3775 -119.0504 6.1926 2.4695 2.8623 -4.3878 12.2410 0.0752 7
vehicle.car 66.5309 1144.9966 0.0793 0.4295 0.9151 151.0418 4.6350 2.1608 1.6713 -4.3878 12.2410 0.0751 16
vehicle.bus.rigid 78.2118 1226.2106 1.0972 1.0821 0.3903 -118.5522 12.0306 2.8726 3.5489 -10.2267 11.1721 0.1249 20
vehicle.car 57.2413 1188.4027 0.1725 0.5029 1.0451 -118.9666 4.7000 2.2032 1.7322 -28.0438 7.7897 0.3365 24
vehicle.car 118.7122 1194.5500 0.0974 1.3926 0.2671 -119.0034 4.6495 2.1154 1.5585 -4.3878 12.2410 0.0751 12
vehicle.truck 84.9346 1227.9589 1.0198 0.2621 0.9932 60.9993 8.8288 3.1457 3.4955 -4.3878 12.2410 0.0751 30
vehicle.car 27.0115 1133.9668 0.1428 1.5559 0.9838 -118.8748 4.6350 2.1608 1.6762 -4.3878 12.2410 0.0751 26
vehicle.car 54.9713 1174.0051 0.1917 1.2349 0.4349 61.1692 4.7997 2.0992 1.7220 -4.3878 12.2410 0.0751 22
vehicle.bus.rigid 45.9766 1209.7306 1.0650 0.2826 0.2544 -29.0708 12.0306 2.8726 3.5495 -4.3878 12.2410 0.0751 9
vehicle.car 26.3381 1112.9391 -0.0606 -1.0243 -1.3134 -177.5593 4.9145 2.1583 1.5012 -4.3878 12.2410 0.0751 18
vehicle.car 45.2708 1166.8260 0.0732 0.3813 0.6641 -119.0773 4.9145 2.1034 1.5006 -19.1422 9.5093 0.3260 14
vehicle.car 78.9248 1217.1260 0.1196 0.4488 0.3464 60.9308 4.3470 2.0651 1.5943 -4.3878 12.2410 0.0751 10
vehicle.truck 123.7072 1203.5698 0.5847 1.5503 0.7343 -117.9518 6.5575 2.5166 2.5069 -4.3878 12.2410 0.0751 6
vehicle.car 57.3000 1178.2142 0.0465 1.2228 0.3871 61.1456 4.8306 2.0307 1.4361 -4.3878 12.2410 0.0751 2
vehicle.car 22.8707 1165.2618 0.0177 -0.5879 0.3521 -28.8020 4.8306 2.0307 1.4369 -4.3878 12.2410 0.0751 15
vehicle.car 34.9889 1215.8490 0.0490 0.3274 -0.1852 -27.3212 4.9954 2.1385 1.4884 -4.3878 12.2410 0.0751 8
