vehicle.car 0.3338 1094.2095 -0.0437 2.1416 0.2876 -119.2723 4.3470 2.1044 1.6213 -3.1452 13.5378 0.0793 28
vehicle.car 57.9542 1149.7440 0.0089 0.5987 0.1161 151.1376 4.9145 2.1034 1.5079 -3.1452 13.5378 0.0794 4
vehicle.car 75.0766 1136.6728 0.0329 -0.5813 0.1393 -22.6727 4.9954 2.1385 1.4855 1.6756 -3.2514 0.3484 29
vehicle.truck 37.8859 1153.4782 1.0338 0.0616 1.1217 -118.8798 8.8288 3.1457 3.5018 -3.1078 13.5750 0.0372 25
vehicle.car 22.3121 1125.5121 0.0818 1.5894 0.0902 -118.9734 4.9954 2.1385 1.4837 -3.1452 13.5378 0.0794 21
vehicle.car 31.0759 1120.6568 -0.0800 0.8492 1.8009 2.4169 4.9047 2.1309 1.4801 -3.1452 13.5378 0.0793 17
vehicle.car 127.3428 1213.7309 0.8273 0.4114 0.2275 -85.8512 6.1926 2.4695 2.8623 -3.1452 13.5378 0.0794 11
vehicle.truck 15.2721 1121.2863 0.4060 -3.0034 0.7297 60.9001 6.5575 2.5166 2.5104 -3.1452 13.5379 0.0794 27
vehicle.car 30.4840 1161.0578 0.1846 -0.6663 0.4404 -28.9566 4.7997 2.0992 1.7192 -3.1452 13.5379 0.0794 19
vehicle.car 32.1030 1143.0950 0.8185 1.1199 0.3775 -119.0504 6.1926 2.4695 2.8623 -3.1452 13.5379 0.0793 7
vehicle.car 14.9613 1169.6247 0.1202 -0.7338 1.0400 -29.7350 4.6350 2.1608 1.6715 -3.1452 13.5378 0.0794 13
vehicle.car 66.5309 1144.9967 0.0793 0.4295 0.9151 151.0418 4.6350 2.1608 1.6713 -3.1452 13.5378 0.0794 16
vehicle.bus.rigid 78.4533 1226.6457 1.0982 1.0773 0.3619 -118.4880 12.0306 2.8726 3.5489 -9.2237 12.8550 0.1475 20
vehicle.car 58.2212 1190.1763 0.1773 0.7309 0.1740 -118.9723 4.7000 2.2032 1.7322 -27.2352 10.8075 0.2850 24
vehicle.car 118.7122 1194.5502 0.0974 1.3926 0.2671 -119.0035 4.6495 2.1154 1.5585 -3.1452 13.5378 0.0794 12
vehicle.truck 84.9345 1227.9590 1.0198 0.2621 0.9932 60.9993 8.8288 3.1457 3.4955 -3.1452 13.5378 0.0794 30
vehicle.car 27.0114 1133.9669 0.1428 1.5559 0.9838 -118.8749 4.6350 2.1608 1.6762 -3.1452 13.5378 0.0794 26
vehicle.car 54.9712 1174.0053 0.1917 1.2349 0.4349 61.1692 4.7997 2.0992 1.7220 -3.1452 13.5378 0.0794 22
vehicle.bus.rigid 45.9766 1209.7307 1.0650 0.2826 0.2544 -29.0708 12.0306 2.8726 3.5495 -3.1452 13.5378 0.0793 9
vehicle.car 26.3380 1112.9392 -0.0606 -1.0243 -1.3134 -177.5593 4.9145 2.1583 1.5012 -3.1452 13.5378 0.0794 18
vehicle.car 45.9144 1167.9906 0.0838 0.7315 0.2018 -119.0730 4.9145 2.1034 1.5006 -19.8240 11.6866 0.2844 14
vehicle.car 78.9247 1217.1261 0.1197 0.4488 0.3464 60.9309 4.3470 2.0651 1.5943 -3.1452 13.5378 0.0794 10
vehicle.truck 123.7071 1203.5700 0.5847 1.5503 0.7343 -117.9518 6.5575 2.5166 2.5069 -3.1452 13.5378 0.0794 6
vehicle.car 57.3000 1178.2144 0.0465 1.2228 0.3871 61.1456 4.8306 2.0307 1.4361 -3.1452 13.5378 0.0794 2
vehicle.car 22.8707 1165.2620 0.0177 -0.5880 0.3521 -28.8020 4.8306 2.0307 1.4369 -3.1452 13.5378 0.0794 15
vehicle.car 34.9888 1215.8491 0.0490 0.3274 -0.1852 -27.3212 4.9954 2.1385 1.4884 -3.1452 13.5378 0.0794 8
