vehicle.car 57.9543 1149.7435 0.0089 0.5987 0.1161 151.1376 4.9145 2.1034 1.5079 -6.2675 10.7167 0.0490 4
vehicle.car 78.6584 1135.7910 0.0324 -0.3309 0.0351 -11.7968 4.9954 2.1385 1.4855 4.0814 -1.2572 0.3210 29
vehicle.truck 37.8860 1153.4854 1.0339 0.1793 0.9065 -118.8787 8.8288 3.1457 3.5018 -6.2655 10.7176 0.0633 25
vehicle.car 22.3122 1125.5116 0.0818 1.5894 0.0902 -118.9734 4.9954 2.1385 1.4837 -6.2675 10.7167 0.0490 21
vehicle.car 31.0760 1120.6562 -0.0800 0.8492 1.8009 2.4169 4.9047 2.1309 1.4801 -6.2676 10.7167 0.0490 17
vehicle.car 127.3428 1213.7303 0.8273 0.4114 0.2275 -85.8512 6.1926 2.4695 2.8623 -6.2676 10.7167 0.0490 11
vehicle.truck 15.2722 1121.2857 0.4060 -3.0034 0.7297 60.9002 6.5575 2.5166 2.5104 -6.2676 10.7167 0.0490 27
vehicle.car 30.4840 1161.0572 0.1846 -0.6663 0.4404 -28.9566 4.7997 2.0992 1.7192 -6.2676 10.7167 0.0490 19
vehicle.car 32.1030 1143.0945 0.8185 1.1199 0.3775 -119.0504 6.1926 2.4695 2.8623 -6.2675 10.7166 0.0490 7
vehicle.car 14.9614 1169.6241 0.1202 -0.7338 1.0400 -29.7350 4.6350 2.1608 1.6715 -6.2676 10.7167 0.0490 13
vehicle.car 66.5310 1144.9962 0.0793 0.4295 0.9151 151.0418 4.6350 2.1608 1.6713 -6.2676 10.7167 0.0490 16
vehicle.bus.rigid 77.8412 1225.5394 1.0968 1.0340 0.5067 -118.6286 12.0306 2.8726 3.5489 -10.6115 9.3213 0.0375 20
vehicle.car 55.6466 1185.5187 0.1758 0.4277 -0.2490 -118.9707 4.7000 2.2032 1.7322 -28.5283 3.5586 0.9273 24
vehicle.car 118.7123 1194.5497 0.0974 1.3926 0.2671 -119.0034 4.6495 2.1154 1.5585 -6.2676 10.7167 0.0490 12
vehicle.truck 84.9346 1227.9585 1.0198 0.2621 0.9932 60.9993 8.8288 3.1457 3.4955 -6.2676 10.7167 0.0490 30
vehicle.car 27.0115 1133.9664 0.1428 1.5559 0.9838 -118.8749 4.6350 2.1608 1.6762 -6.2676 10.7167 0.0490 26
vehicle.car 54.9713 1174.0047 0.1917 1.2349 0.4349 61.1692 4.7997 2.0992 1.7220 -6.2676 10.7167 0.0490 22
vehicle.bus.rigid 45.9766 1209.7302 1.0650 0.2826 0.2544 -29.0708 12.0306 2.8726 3.5495 -6.2676 10.7167 0.0490 9
vehicle.car 26.3381 1112.9387 -0.0606 -1.0243 -1.3134 -177.5593 4.9145 2.1583 1.5012 -6.2676 10.7166 0.0489 18
vehicle.car 44.3688 1165.2051 0.0684 0.4219 0.7344 -119.0059 4.9145 2.1034 1.5006 -17.4437 6.9875 -0.1849 14
vehicle.car 78.9248 1217.1256 0.1196 0.4488 0.3464 60.9308 4.3470 2.0651 1.5943 -6.2676 10.7167 0.0490 10
vehicle.truck 123.7072 1203.5694 0.5847 1.5503 0.7343 -117.9518 6.5575 2.5166 2.5069 -6.2676 10.7167 0.0490 6
vehicle.car 57.3001 1178.2138 0.0465 1.2228 0.3871 61.1456 4.8306 2.0307 1.4361 -6.2675 10.7167 0.0490 2
vehicle.car 22.8708 1165.2614 0.0177 -0.5880 0.3521 -28.8020 4.8306 2.0307 1.4369 -6.2676 10.7167 0.0490 15
vehicle.car 34.9889 1215.8486 0.0490 0.3273 -0.1852 -27.3212 4.9954 2.1385 1.4884 -6.2675 10.7167 0.0490 8
