vehicle.car 57.9543 1149.7437 0.0089 0.5987 0.1161 151.1376 4.9145 2.1034 1.5079 -6.8561 10.1319 0.1792 4
vehicle.car 79.5206 1135.7050 0.0327 -0.4917 0.0240 -8.9235 4.9954 2.1385 1.4855 4.2437 -0.6016 0.2110 29
vehicle.truck 37.8861 1153.4858 1.0345 0.1787 0.8947 -118.8788 8.8288 3.1457 3.5018 -6.8554 10.1322 0.1841 25
vehicle.car 22.3122 1125.5118 0.0818 1.5894 0.0902 -118.9734 4.9954 2.1385 1.4837 -6.8561 10.1319 0.1792 21
vehicle.car 31.0760 1120.6564 -0.0800 0.8492 1.8009 2.4169 4.9047 2.1309 1.4801 -6.8561 10.1319 0.1792 17
vehicle.car 127.3428 1213.7305 0.8273 0.4114 0.2275 -85.8512 6.1926 2.4695 2.8623 -6.8561 10.1319 0.1792 11
vehicle.truck 15.2722 1121.2859 0.4060 -3.0034 0.7297 60.9001 6.5575 2.5166 2.5104 -6.8561 10.1319 0.1792 27
vehicle.car 30.4840 1161.0574 0.1846 -0.6663 0.4404 -28.9566 4.7997 2.0992 1.7192 -6.8561 10.1319 0.1791 19
vehicle.car 32.1030 1143.0947 0.8185 1.1199 0.3775 -119.0504 6.1926 2.4695 2.8623 -6.8561 10.1320 0.1792 7
vehicle.car 66.5309 1144.9964 0.0793 0.4295 0.9151 151.0418 4.6350 2.1608 1.6713 -6.8561 10.1319 0.1792 16
vehicle.bus.rigid 77.7303 1225.3440 1.0957 1.0884 0.5225 -118.6467 12.0306 2.8726 3.5489 -10.3255 8.8222 0.2152 20
vehicle.car 55.0207 1184.3881 0.1887 0.2588 -0.6907 -119.0323 4.7000 2.2032 1.7322 -28.4813 1.8402 0.3657 24
vehicle.car 118.7122 1194.5498 0.0974 1.3926 0.2671 -119.0034 4.6495 2.1154 1.5585 -6.8561 10.1320 0.1791 12
vehicle.truck 84.9346 1227.9586 1.0198 0.2621 0.9932 60.9993 8.8288 3.1457 3.4955 -6.8561 10.1319 0.1792 30
vehicle.car 27.0115 1133.9666 0.1428 1.5559 0.9838 -118.8749 4.6350 2.1608 1.6762 -6.8561 10.1319 0.1792 26
vehicle.car 54.9713 1174.0049 0.1917 1.2349 0.4349 61.1692 4.7997 2.0992 1.7220 -6.8561 10.1319 0.1792 22
vehicle.bus.rigid 45.9766 1209.7304 1.0650 0.2826 0.2544 -29.0708 12.0306 2.8726 3.5495 -6.8561 10.1319 0.1792 9
vehicle.car 26.3381 1112.9389 -0.0606 -1.0243 -1.3134 -177.5593 4.9145 2.1583 1.5012 -6.8561 10.1319 0.1792 18
vehicle.car 44.0735 1164.6664 0.0599 0.2328 0.4615 -118.9835 4.9145 2.1034 1.5006 -16.6643 6.3967 0.3064 14
vehicle.car 78.9248 1217.1258 0.1197 0.4489 0.3464 60.9309 4.3470 2.0651 1.5943 -6.8561 10.1319 0.1792 10
vehicle.truck 123.7072 1203.5696 0.5847 1.5503 0.7343 -117.9518 6.5575 2.5166 2.5069 -6.8561 10.1319 0.1792 6
vehicle.car 57.3000 1178.2140 0.0465 1.2228 0.3871 61.1456 4.8306 2.0307 1.4361 -6.8561 10.1319 0.1792 2
vehicle.car 22.8707 1165.2616 0.0177 -0.5880 0.3521 -28.8021 4.8306 2.0307 1.4369 -6.8561 10.1319 0.1792 15
vehicle.car 34.9889 1215.8488 0.0490 0.3274 -0.1852 -27.3212 4.9954 2.1385 1.4884 -6.8561 10.1319 0.1792 8
