vehicle.car 0.3339 1094.2089 -0.0437 2.1416 0.2876 -119.2723 4.3470 2.1044 1.6213 -3.9966 12.6046 0.0851 28
vehicle.car 57.9543 1149.7435 0.0089 0.5987 0.1161 151.1376 4.9145 2.1034 1.5079 -3.9966 12.6046 0.0851 4
vehicle.car 75.9849 1136.3694 0.0295 -0.4978 0.0394 -20.3677 4.9954 2.1385 1.4855 2.3575 -3.2444 0.3210 29
vehicle.truck 37.8861 1153.4868 1.0340 0.2077 0.8451 -118.8786 8.8288 3.1457 3.5018 -3.9756 12.6139 0.1588 25
vehicle.car 22.3122 1125.5115 0.0818 1.5894 0.0902 -118.9734 4.9954 2.1385 1.4837 -3.9966 12.6046 0.0851 21
vehicle.car 31.0760 1120.6562 -0.0800 0.8492 1.8009 2.4169 4.9047 2.1309 1.4801 -3.9966 12.6046 0.0851 17
vehicle.car 127.3428 1213.7303 0.8273 0.4114 0.2275 -85.8512 6.1926 2.4695 2.8623 -3.9966 12.6046 0.0851 11
vehicle.truck 15.2722 1121.2857 0.4060 -3.0034 0.7297 60.9002 6.5575 2.5166 2.5104 -3.9966 12.6046 0.0851 27
vehicle.car 30.4840 1161.0572 0.1846 -0.6664 0.4404 -28.9566 4.7997 2.0992 1.7192 -3.9966 12.6046 0.0851 19
vehicle.car 32.1030 1143.0944 0.8185 1.1199 0.3775 -119.0504 6.1926 2.4695 2.8623 -3.9966 12.6046 0.0851 7
vehicle.car 66.5310 1144.9962 0.0793 0.4295 0.9151 151.0418 4.6350 2.1608 1.6713 -3.9966 12.6046 0.0851 16
vehicle.bus.rigid 78.2929 1226.3542 1.0974 1.0506 0.3759 -118.5321 12.0306 2.8726 3.5489 -9.8640 11.6769 0.1338 20
vehicle.car 57.5657 1188.9903 0.1699 0.6339 1.0375 -118.9619 4.7000 2.2032 1.7322 -27.9515 8.7367 0.5054 24
vehicle.car 118.7123 1194.5496 0.0974 1.3927 0.2671 -119.0035 4.6495 2.1154 1.5585 -3.9966 12.6046 0.0851 12
vehicle.truck 84.9346 1227.9584 1.0198 0.2621 0.9932 60.9993 8.8288 3.1457 3.4955 -3.9966 12.6046 0.0851 30
vehicle.car 27.0115 1133.9664 0.1428 1.5559 0.9838 -118.8749 4.6350 2.1608 1.6762 -3.9966 12.6046 0.0851 26
vehicle.car 54.9713 1174.0047 0.1917 1.2349 0.4349 61.1692 4.7997 2.0992 1.7220 -3.9966 12.6046 0.0851 22
vehicle.bus.rigid 45.9766 1209.7302 1.0650 0.2826 0.2544 -29.0708 12.0306 2.8726 3.5495 -3.9966 12.6046 0.0851 9
vehicle.car 26.3381 1112.9387 -0.0606 -1.0243 -1.3134 -177.5593 4.9145 2.1583 1.5012 -3.9966 12.6046 0.0851 18
vehicle.car 45.4781 1167.1964 0.0727 0.3277 0.6929 -119.0832 4.9145 2.1034 1.5006 -19.4747 10.1563 0.1157 14
vehicle.car 78.9248 1217.1255 0.1196 0.4488 0.3464 60.9308 4.3470 2.0651 1.5943 -3.9966 12.6046 0.0851 10
vehicle.truck 123.7072 1203.5694 0.5847 1.5503 0.7343 -117.9518 6.5575 2.5166 2.5069 -3.9966 12.6046 0.0851 6
vehicle.car 57.3001 1178.2138 0.0465 1.2228 0.3871 61.1456 4.8306 2.0307 1.4361 -3.9966 12.6046 0.0851 2
vehicle.car 22.8708 1165.2614 0.0177 -0.5880 0.3521 -28.8020 4.8306 2.0307 1.4369 -3.9966 12.6046 0.0851 15
vehicle.car 34.9889 1215.8486 0.0490 0.3273 -0.1852 -27.3212 4.9954 2.1385 1.4884 -3.9966 12.6046 0.0852 8
