vehicle.car 57.9543 1149.7437 0.0089 0.5987 0.1161 151.1376 4.9145 2.1034 1.5079 -6.5696 10.4281 0.0963 4
vehicle.car 79.0916 1135.7439 0.0333 -0.4145 0.0131 -10.2653 4.9954 2.1385 1.4855 4.2282 -0.8682 0.2444 29
vehicle.truck 37.8861 1153.4858 1.0342 0.1790 0.8991 -118.8787 8.8288 3.1457 3.5018 -6.5675 10.4288 0.1096 25
vehicle.car 22.3121 1125.5118 0.0818 1.5894 0.0902 -118.9734 4.9954 2.1385 1.4837 -6.5696 10.4281 0.0963 21
vehicle.car 31.0760 1120.6564 -0.0800 0.8492 1.8009 2.4169 4.9047 2.1309 1.4801 -6.5696 10.4281 0.0963 17
vehicle.car 127.3428 1213.7305 0.8273 0.4114 0.2275 -85.8512 6.1926 2.4695 2.8623 -6.5696 10.4281 0.0963 11
vehicle.truck 15.2722 1121.2859 0.4060 -3.0034 0.7297 60.9002 6.5575 2.5166 2.5104 -6.5696 10.4281 0.0963 27
vehicle.car 30.4840 1161.0574 0.1846 -0.6663 0.4404 -28.9566 4.7997 2.0992 1.7192 -6.5696 10.4281 0.0962 19
vehicle.car 32.1030 1143.0947 0.8185 1.1199 0.3775 -119.0504 6.1926 2.4695 2.8623 -6.5696 10.4281 0.0963 7
vehicle.car 14.9613 1169.6243 0.1202 -0.7338 1.0400 -29.7350 4.6350 2.1608 1.6715 -6.5696 10.4281 0.0963 13
vehicle.truck 85.4733 1240.4346 0.5171 0.6736 0.7916 -114.5543 6.5575 2.5166 2.5270 -18.3905 5.1490 0.2505 23
vehicle.car 66.5309 1144.9964 0.0793 0.4295 0.9151 151.0418 4.6350 2.1608 1.6713 -6.5696 10.4281 0.0963 16
vehicle.bus.rigid 77.7828 1225.4368 1.0962 1.0609 0.5249 -118.6390 12.0306 2.8726 3.5489 -10.4072 9.0906 0.0993 20
vehicle.car 55.3322 1184.9540 0.1863 0.4254 -0.6694 -118.9990 4.7000 2.2032 1.7322 -28.5972 2.6427 0.5512 24
vehicle.car 118.7122 1194.5498 0.0974 1.3926 0.2671 -119.0035 4.6495 2.1154 1.5585 -6.5696 10.4281 0.0963 12
vehicle.truck 84.9345 1227.9587 1.0198 0.2621 0.9932 60.9993 8.8288 3.1457 3.4955 -6.5696 10.4281 0.0963 30
vehicle.car 27.0115 1133.9666 0.1428 1.5559 0.9838 -118.8749 4.6350 2.1608 1.6762 -6.5696 10.4281 0.0963 26
vehicle.car 54.9713 1174.0049 0.1917 1.2349 0.4349 61.1692 4.7997 2.0992 1.7220 -6.5696 10.4281 0.0963 22
vehicle.bus.rigid 45.9766 1209.7304 1.0650 0.2826 0.2544 -29.0708 12.0306 2.8726 3.5495 -6.5696 10.4281 0.0963 9
vehicle.car 26.3381 1112.9389 -0.0606 -1.0243 -1.3134 -177.5593 4.9145 2.1583 1.5012 -6.5696 10.4281 0.0963 18
vehicle.car 44.2198 1164.9281 0.0601 0.1434 0.3992 -118.9810 4.9145 2.1034 1.5006 -17.0477 6.7071 0.0845 14
vehicle.car 78.9248 1217.1258 0.1196 0.4489 0.3464 60.9309 4.3470 2.0651 1.5943 -6.5696 10.4281 0.0963 10
vehicle.truck 123.7071 1203.5696 0.5847 1.5503 0.7343 -117.9518 6.5575 2.5166 2.5069 -6.5696 10.4281 0.0963 6
vehicle.car 57.3000 1178.2140 0.0465 1.2228 0.3871 61.1456 4.8306 2.0307 1.4361 -6.5696 10.4281 0.0963 2
vehicle.car 34.9888 1215.8488 0.0490 0.3273 -0.1852 -27.3212 4.9954 2.1385 1.4884 -6.5696 10.4281 0.0963 8
